4.630718954248366215e-01
4.866013071895425313e-01
4.133986928104575465e-01
4.866013071895425313e-01
4.578431372549019440e-01
4.356209150326798007e-01
4.356209150326798007e-01
5.310457516339869288e-01
4.133986928104575465e-01
3.689542483660130934e-01
4.866013071895425313e-01
5.310457516339869288e-01
4.866013071895425313e-01
3.689542483660130934e-01
3.689542483660130934e-01
4.133986928104575465e-01
5.310457516339869288e-01
5.310457516339869288e-01
5.310457516339869288e-01
4.866013071895425313e-01
7.637254901960784936e-01
7.394607843137255276e-01
7.394607843137255276e-01
7.394607843137255276e-01
7.394607843137255276e-01
7.394607843137255276e-01
7.394607843137255276e-01
7.394607843137255276e-01
7.394607843137255276e-01
7.394607843137255276e-01
7.394607843137255276e-01
7.394607843137255276e-01
7.394607843137255276e-01
7.394607843137255276e-01
7.394607843137255276e-01
7.394607843137255276e-01
7.394607843137255276e-01
7.394607843137255276e-01
7.394607843137255276e-01
7.394607843137255276e-01
7.394607843137255276e-01
4.630718954248366215e-01
4.866013071895425313e-01
4.133986928104575465e-01
4.866013071895425313e-01
4.578431372549019440e-01
4.133986928104575465e-01
4.467320261437908724e-01
5.310457516339869288e-01
4.133986928104575465e-01
3.689542483660130934e-01
4.866013071895425313e-01
5.310457516339869288e-01
4.866013071895425313e-01
3.689542483660130934e-01
3.689542483660130934e-01
4.133986928104575465e-01
5.310457516339869288e-01
5.310457516339869288e-01
5.310457516339869288e-01
4.866013071895425313e-01
7.761437908496732208e-01
7.386437908496732430e-01
7.386437908496732430e-01
7.386437908496732430e-01
7.386437908496732430e-01
7.386437908496732430e-01
7.386437908496732430e-01
7.386437908496732430e-01
7.386437908496732430e-01
7.386437908496732430e-01
7.386437908496732430e-01
7.386437908496732430e-01
7.386437908496732430e-01
7.386437908496732430e-01
7.386437908496732430e-01
7.386437908496732430e-01
7.386437908496732430e-01
7.386437908496732430e-01
7.386437908496732430e-01
7.386437908496732430e-01
7.386437908496732430e-01
4.630718954248366215e-01
4.866013071895425313e-01
4.133986928104575465e-01
4.866013071895425313e-01
4.133986928104575465e-01
4.133986928104575465e-01
4.133986928104575465e-01
5.310457516339869288e-01
4.133986928104575465e-01
3.689542483660130934e-01
4.866013071895425313e-01
5.310457516339869288e-01
4.866013071895425313e-01
3.689542483660130934e-01
3.689542483660130934e-01
4.133986928104575465e-01
5.310457516339869288e-01
5.310457516339869288e-01
5.310457516339869288e-01
4.866013071895425313e-01
6.435457516339868622e-01
6.435457516339868622e-01
6.435457516339868622e-01
6.435457516339868622e-01
6.435457516339868622e-01
6.435457516339868622e-01
6.435457516339868622e-01
6.435457516339868622e-01
6.435457516339868622e-01
6.435457516339868622e-01
6.435457516339868622e-01
6.435457516339868622e-01
6.435457516339868622e-01
6.435457516339868622e-01
6.435457516339868622e-01
6.435457516339868622e-01
6.435457516339868622e-01
6.435457516339868622e-01
6.435457516339868622e-01
6.435457516339868622e-01
6.435457516339868622e-01
4.866013071895425313e-01
4.866013071895425313e-01
4.133986928104575465e-01
4.866013071895425313e-01
4.133986928104575465e-01
4.133986928104575465e-01
4.133986928104575465e-01
5.310457516339869288e-01
4.133986928104575465e-01
3.689542483660130934e-01
4.866013071895425313e-01
5.310457516339869288e-01
4.866013071895425313e-01
3.689542483660130934e-01
3.689542483660130934e-01
4.133986928104575465e-01
5.310457516339869288e-01
5.310457516339869288e-01
5.310457516339869288e-01
4.866013071895425313e-01
6.310457516339869066e-01
6.310457516339869066e-01
6.310457516339869066e-01
6.310457516339869066e-01
6.310457516339869066e-01
6.310457516339869066e-01
6.310457516339869066e-01
6.310457516339869066e-01
6.310457516339869066e-01
6.310457516339869066e-01
6.310457516339869066e-01
6.310457516339869066e-01
6.310457516339869066e-01
6.310457516339869066e-01
6.310457516339869066e-01
6.310457516339869066e-01
6.310457516339869066e-01
6.310457516339869066e-01
6.310457516339869066e-01
6.310457516339869066e-01
6.310457516339869066e-01
4.983660130718954306e-01
4.866013071895425313e-01
4.133986928104575465e-01
4.866013071895425313e-01
4.133986928104575465e-01
4.133986928104575465e-01
4.133986928104575465e-01
5.310457516339869288e-01
4.133986928104575465e-01
3.689542483660130934e-01
4.866013071895425313e-01
5.310457516339869288e-01
4.866013071895425313e-01
3.689542483660130934e-01
3.689542483660130934e-01
4.133986928104575465e-01
5.310457516339869288e-01
5.310457516339869288e-01
5.310457516339869288e-01
4.866013071895425313e-01
6.310457516339869066e-01
6.310457516339869066e-01
6.310457516339869066e-01
6.310457516339869066e-01
6.310457516339869066e-01
6.310457516339869066e-01
6.310457516339869066e-01
6.310457516339869066e-01
6.310457516339869066e-01
6.310457516339869066e-01
6.310457516339869066e-01
6.310457516339869066e-01
6.310457516339869066e-01
6.310457516339869066e-01
6.310457516339869066e-01
6.310457516339869066e-01
6.310457516339869066e-01
6.310457516339869066e-01
6.310457516339869066e-01
6.310457516339869066e-01
6.310457516339869066e-01
4.866013071895424202e-01
4.866013071895425313e-01
4.133986928104575465e-01
4.866013071895425313e-01
4.133986928104575465e-01
4.133986928104575465e-01
4.133986928104575465e-01
5.310457516339869288e-01
4.133986928104575465e-01
3.689542483660130934e-01
4.866013071895425313e-01
5.310457516339869288e-01
4.866013071895425313e-01
3.689542483660130934e-01
3.689542483660130934e-01
4.133986928104575465e-01
5.310457516339869288e-01
5.310457516339869288e-01
5.310457516339869288e-01
4.866013071895425313e-01
6.310457516339869066e-01
6.310457516339869066e-01
6.310457516339869066e-01
6.310457516339869066e-01
6.310457516339869066e-01
6.310457516339869066e-01
6.310457516339869066e-01
6.310457516339869066e-01
6.310457516339869066e-01
6.310457516339869066e-01
6.310457516339869066e-01
6.310457516339869066e-01
6.310457516339869066e-01
6.310457516339869066e-01
6.310457516339869066e-01
6.310457516339869066e-01
6.310457516339869066e-01
6.310457516339869066e-01
6.310457516339869066e-01
6.310457516339869066e-01
6.310457516339869066e-01
4.866013071895425313e-01
4.866013071895425313e-01
4.133986928104575465e-01
4.866013071895425313e-01
4.133986928104575465e-01
4.133986928104575465e-01
4.133986928104575465e-01
5.310457516339869288e-01
4.133986928104575465e-01
3.689542483660130934e-01
4.866013071895425313e-01
5.310457516339869288e-01
4.866013071895425313e-01
3.689542483660130934e-01
3.689542483660130934e-01
4.133986928104575465e-01
5.310457516339869288e-01
5.310457516339869288e-01
5.310457516339869288e-01
4.866013071895425313e-01
6.310457516339869066e-01
6.310457516339869066e-01
6.310457516339869066e-01
6.310457516339869066e-01
6.310457516339869066e-01
6.310457516339869066e-01
6.310457516339869066e-01
6.310457516339869066e-01
6.310457516339869066e-01
6.310457516339869066e-01
6.310457516339869066e-01
6.310457516339869066e-01
6.310457516339869066e-01
6.310457516339869066e-01
6.310457516339869066e-01
6.310457516339869066e-01
6.310457516339869066e-01
6.310457516339869066e-01
6.310457516339869066e-01
6.310457516339869066e-01
6.310457516339869066e-01
4.866013071895425313e-01
4.866013071895425313e-01
4.133986928104575465e-01
4.866013071895425313e-01
4.133986928104575465e-01
4.133986928104575465e-01
4.133986928104575465e-01
5.310457516339869288e-01
4.133986928104575465e-01
3.689542483660130934e-01
4.866013071895425313e-01
5.310457516339869288e-01
4.866013071895425313e-01
3.689542483660130934e-01
3.689542483660130934e-01
4.133986928104575465e-01
5.310457516339869288e-01
5.310457516339869288e-01
5.310457516339869288e-01
4.866013071895425313e-01
6.310457516339869066e-01
6.310457516339869066e-01
6.310457516339869066e-01
6.310457516339869066e-01
6.310457516339869066e-01
6.310457516339869066e-01
6.310457516339869066e-01
6.310457516339869066e-01
6.310457516339869066e-01
6.310457516339869066e-01
6.310457516339869066e-01
6.310457516339869066e-01
6.310457516339869066e-01
6.310457516339869066e-01
6.310457516339869066e-01
6.310457516339869066e-01
6.310457516339869066e-01
6.310457516339869066e-01
6.310457516339869066e-01
6.310457516339869066e-01
6.310457516339869066e-01
4.866013071895425313e-01
4.866013071895425313e-01
4.133986928104575465e-01
4.866013071895425313e-01
4.133986928104575465e-01
4.133986928104575465e-01
4.133986928104575465e-01
5.310457516339869288e-01
4.133986928104575465e-01
3.689542483660130934e-01
4.866013071895425313e-01
5.310457516339869288e-01
4.866013071895425313e-01
3.689542483660130934e-01
3.689542483660130934e-01
4.133986928104575465e-01
5.310457516339869288e-01
5.310457516339869288e-01
5.310457516339869288e-01
4.866013071895425313e-01
6.310457516339869066e-01
6.310457516339869066e-01
6.310457516339869066e-01
6.310457516339869066e-01
6.310457516339869066e-01
6.310457516339869066e-01
6.310457516339869066e-01
6.310457516339869066e-01
6.310457516339869066e-01
6.310457516339869066e-01
6.310457516339869066e-01
6.310457516339869066e-01
6.310457516339869066e-01
6.310457516339869066e-01
6.310457516339869066e-01
6.310457516339869066e-01
6.310457516339869066e-01
6.310457516339869066e-01
6.310457516339869066e-01
6.310457516339869066e-01
6.310457516339869066e-01
4.866013071895425313e-01
4.866013071895425313e-01
4.133986928104575465e-01
4.866013071895425313e-01
4.133986928104575465e-01
4.133986928104575465e-01
4.133986928104575465e-01
5.310457516339869288e-01
4.133986928104575465e-01
3.689542483660130934e-01
4.866013071895425313e-01
5.310457516339869288e-01
4.866013071895425313e-01
3.689542483660130934e-01
3.689542483660130934e-01
4.133986928104575465e-01
5.310457516339869288e-01
5.310457516339869288e-01
5.310457516339869288e-01
4.866013071895425313e-01
6.310457516339869066e-01
6.310457516339869066e-01
6.310457516339869066e-01
6.310457516339869066e-01
6.310457516339869066e-01
6.310457516339869066e-01
6.310457516339869066e-01
6.310457516339869066e-01
6.310457516339869066e-01
6.310457516339869066e-01
6.310457516339869066e-01
6.310457516339869066e-01
6.310457516339869066e-01
6.310457516339869066e-01
6.310457516339869066e-01
6.310457516339869066e-01
6.310457516339869066e-01
6.310457516339869066e-01
6.310457516339869066e-01
6.310457516339869066e-01
6.310457516339869066e-01
3.689542483660130934e-01
4.866013071895425313e-01
4.133986928104575465e-01
4.866013071895425313e-01
4.133986928104575465e-01
4.133986928104575465e-01
4.133986928104575465e-01
5.310457516339869288e-01
4.133986928104575465e-01
3.689542483660130934e-01
4.866013071895425313e-01
5.310457516339869288e-01
4.866013071895425313e-01
3.689542483660130934e-01
3.689542483660130934e-01
4.133986928104575465e-01
5.310457516339869288e-01
5.310457516339869288e-01
5.310457516339869288e-01
4.866013071895425313e-01
6.310457516339869066e-01
6.310457516339869066e-01
6.310457516339869066e-01
6.310457516339869066e-01
6.310457516339869066e-01
6.310457516339869066e-01
6.310457516339869066e-01
6.310457516339869066e-01
6.310457516339869066e-01
6.310457516339869066e-01
6.310457516339869066e-01
6.310457516339869066e-01
6.310457516339869066e-01
6.310457516339869066e-01
6.310457516339869066e-01
6.310457516339869066e-01
6.310457516339869066e-01
6.310457516339869066e-01
6.310457516339869066e-01
6.310457516339869066e-01
6.310457516339869066e-01
