3.888888888888888951e-01 6.470588235294117974e-01 5.294117647058823595e-01 3.750000000000000000e-01 3.750000000000000000e-01
3.888888888888888951e-01 6.470588235294117974e-01 6.470588235294117974e-01 3.750000000000000000e-01 3.750000000000000000e-01
6.111111111111111605e-01 3.529411764705882582e-01 3.529411764705882582e-01 3.750000000000000000e-01 3.750000000000000000e-01
3.888888888888888951e-01 6.470588235294117974e-01 6.470588235294117974e-01 3.750000000000000000e-01 3.750000000000000000e-01
8.333333333333333703e-01 3.529411764705882582e-01 3.529411764705882582e-01 3.750000000000000000e-01 3.750000000000000000e-01
7.222222222222222099e-01 3.529411764705882582e-01 3.529411764705882582e-01 3.750000000000000000e-01 3.750000000000000000e-01
7.222222222222222099e-01 3.529411764705882582e-01 3.529411764705882582e-01 3.750000000000000000e-01 3.750000000000000000e-01
6.111111111111111605e-01 6.470588235294117974e-01 6.470588235294117974e-01 3.750000000000000000e-01 3.750000000000000000e-01
6.111111111111111605e-01 3.529411764705882582e-01 3.529411764705882582e-01 3.750000000000000000e-01 3.750000000000000000e-01
3.888888888888888951e-01 3.529411764705882582e-01 3.529411764705882582e-01 3.750000000000000000e-01 3.750000000000000000e-01
3.888888888888888951e-01 6.470588235294117974e-01 6.470588235294117974e-01 3.750000000000000000e-01 3.750000000000000000e-01
6.111111111111111605e-01 6.470588235294117974e-01 6.470588235294117974e-01 3.750000000000000000e-01 3.750000000000000000e-01
3.888888888888888951e-01 6.470588235294117974e-01 6.470588235294117974e-01 3.750000000000000000e-01 3.750000000000000000e-01
3.888888888888888951e-01 3.529411764705882582e-01 3.529411764705882582e-01 3.750000000000000000e-01 3.750000000000000000e-01
3.888888888888888951e-01 3.529411764705882582e-01 3.529411764705882582e-01 3.750000000000000000e-01 3.750000000000000000e-01
6.111111111111111605e-01 3.529411764705882582e-01 3.529411764705882582e-01 3.750000000000000000e-01 3.750000000000000000e-01
6.111111111111111605e-01 6.470588235294117974e-01 6.470588235294117974e-01 3.750000000000000000e-01 3.750000000000000000e-01
6.111111111111111605e-01 6.470588235294117974e-01 6.470588235294117974e-01 3.750000000000000000e-01 3.750000000000000000e-01
6.111111111111111605e-01 6.470588235294117974e-01 6.470588235294117974e-01 3.750000000000000000e-01 3.750000000000000000e-01
3.888888888888888951e-01 6.470588235294117974e-01 6.470588235294117974e-01 3.750000000000000000e-01 3.750000000000000000e-01
8.333333333333333703e-01 6.470588235294117974e-01 5.882352941176470784e-01 8.750000000000000000e-01 8.750000000000000000e-01
8.333333333333333703e-01 6.470588235294117974e-01 5.294117647058823595e-01 8.125000000000000000e-01 8.750000000000000000e-01
8.333333333333333703e-01 6.470588235294117974e-01 5.294117647058823595e-01 8.125000000000000000e-01 8.750000000000000000e-01
8.333333333333333703e-01 6.470588235294117974e-01 5.294117647058823595e-01 8.125000000000000000e-01 8.750000000000000000e-01
8.333333333333333703e-01 6.470588235294117974e-01 5.294117647058823595e-01 8.125000000000000000e-01 8.750000000000000000e-01
8.333333333333333703e-01 6.470588235294117974e-01 5.294117647058823595e-01 8.125000000000000000e-01 8.750000000000000000e-01
8.333333333333333703e-01 6.470588235294117974e-01 5.294117647058823595e-01 8.125000000000000000e-01 8.750000000000000000e-01
8.333333333333333703e-01 6.470588235294117974e-01 5.294117647058823595e-01 8.125000000000000000e-01 8.750000000000000000e-01
8.333333333333333703e-01 6.470588235294117974e-01 5.294117647058823595e-01 8.125000000000000000e-01 8.750000000000000000e-01
8.333333333333333703e-01 6.470588235294117974e-01 5.294117647058823595e-01 8.125000000000000000e-01 8.750000000000000000e-01
8.333333333333333703e-01 6.470588235294117974e-01 5.294117647058823595e-01 8.125000000000000000e-01 8.750000000000000000e-01
8.333333333333333703e-01 6.470588235294117974e-01 5.294117647058823595e-01 8.125000000000000000e-01 8.750000000000000000e-01
8.333333333333333703e-01 6.470588235294117974e-01 5.294117647058823595e-01 8.125000000000000000e-01 8.750000000000000000e-01
8.333333333333333703e-01 6.470588235294117974e-01 5.294117647058823595e-01 8.125000000000000000e-01 8.750000000000000000e-01
8.333333333333333703e-01 6.470588235294117974e-01 5.294117647058823595e-01 8.125000000000000000e-01 8.750000000000000000e-01
8.333333333333333703e-01 6.470588235294117974e-01 5.294117647058823595e-01 8.125000000000000000e-01 8.750000000000000000e-01
8.333333333333333703e-01 6.470588235294117974e-01 5.294117647058823595e-01 8.125000000000000000e-01 8.750000000000000000e-01
8.333333333333333703e-01 6.470588235294117974e-01 5.294117647058823595e-01 8.125000000000000000e-01 8.750000000000000000e-01
8.333333333333333703e-01 6.470588235294117974e-01 5.294117647058823595e-01 8.125000000000000000e-01 8.750000000000000000e-01
8.333333333333333703e-01 6.470588235294117974e-01 5.294117647058823595e-01 8.125000000000000000e-01 8.750000000000000000e-01
8.333333333333333703e-01 6.470588235294117974e-01 5.294117647058823595e-01 8.125000000000000000e-01 8.750000000000000000e-01
3.888888888888888951e-01 6.470588235294117974e-01 5.294117647058823595e-01 3.750000000000000000e-01 3.750000000000000000e-01
3.888888888888888951e-01 6.470588235294117974e-01 6.470588235294117974e-01 3.750000000000000000e-01 3.750000000000000000e-01
6.111111111111111605e-01 3.529411764705882582e-01 3.529411764705882582e-01 3.750000000000000000e-01 3.750000000000000000e-01
3.888888888888888951e-01 6.470588235294117974e-01 6.470588235294117974e-01 3.750000000000000000e-01 3.750000000000000000e-01
8.333333333333333703e-01 3.529411764705882582e-01 3.529411764705882582e-01 3.750000000000000000e-01 3.750000000000000000e-01
6.111111111111111605e-01 3.529411764705882582e-01 3.529411764705882582e-01 3.750000000000000000e-01 3.750000000000000000e-01
7.777777777777777901e-01 3.529411764705882582e-01 3.529411764705882582e-01 3.750000000000000000e-01 3.750000000000000000e-01
6.111111111111111605e-01 6.470588235294117974e-01 6.470588235294117974e-01 3.750000000000000000e-01 3.750000000000000000e-01
6.111111111111111605e-01 3.529411764705882582e-01 3.529411764705882582e-01 3.750000000000000000e-01 3.750000000000000000e-01
3.888888888888888951e-01 3.529411764705882582e-01 3.529411764705882582e-01 3.750000000000000000e-01 3.750000000000000000e-01
3.888888888888888951e-01 6.470588235294117974e-01 6.470588235294117974e-01 3.750000000000000000e-01 3.750000000000000000e-01
6.111111111111111605e-01 6.470588235294117974e-01 6.470588235294117974e-01 3.750000000000000000e-01 3.750000000000000000e-01
3.888888888888888951e-01 6.470588235294117974e-01 6.470588235294117974e-01 3.750000000000000000e-01 3.750000000000000000e-01
3.888888888888888951e-01 3.529411764705882582e-01 3.529411764705882582e-01 3.750000000000000000e-01 3.750000000000000000e-01
3.888888888888888951e-01 3.529411764705882582e-01 3.529411764705882582e-01 3.750000000000000000e-01 3.750000000000000000e-01
6.111111111111111605e-01 3.529411764705882582e-01 3.529411764705882582e-01 3.750000000000000000e-01 3.750000000000000000e-01
6.111111111111111605e-01 6.470588235294117974e-01 6.470588235294117974e-01 3.750000000000000000e-01 3.750000000000000000e-01
6.111111111111111605e-01 6.470588235294117974e-01 6.470588235294117974e-01 3.750000000000000000e-01 3.750000000000000000e-01
6.111111111111111605e-01 6.470588235294117974e-01 6.470588235294117974e-01 3.750000000000000000e-01 3.750000000000000000e-01
3.888888888888888951e-01 6.470588235294117974e-01 6.470588235294117974e-01 3.750000000000000000e-01 3.750000000000000000e-01
7.777777777777777901e-01 7.647058823529411242e-01 5.882352941176470784e-01 9.375000000000000000e-01 8.125000000000000000e-01
7.777777777777777901e-01 7.647058823529411242e-01 5.882352941176470784e-01 7.500000000000000000e-01 8.125000000000000000e-01
7.777777777777777901e-01 7.647058823529411242e-01 5.882352941176470784e-01 7.500000000000000000e-01 8.125000000000000000e-01
7.777777777777777901e-01 7.647058823529411242e-01 5.882352941176470784e-01 7.500000000000000000e-01 8.125000000000000000e-01
7.777777777777777901e-01 7.647058823529411242e-01 5.882352941176470784e-01 7.500000000000000000e-01 8.125000000000000000e-01
7.777777777777777901e-01 7.647058823529411242e-01 5.882352941176470784e-01 7.500000000000000000e-01 8.125000000000000000e-01
7.777777777777777901e-01 7.647058823529411242e-01 5.882352941176470784e-01 7.500000000000000000e-01 8.125000000000000000e-01
7.777777777777777901e-01 7.647058823529411242e-01 5.882352941176470784e-01 7.500000000000000000e-01 8.125000000000000000e-01
7.777777777777777901e-01 7.647058823529411242e-01 5.882352941176470784e-01 7.500000000000000000e-01 8.125000000000000000e-01
7.777777777777777901e-01 7.647058823529411242e-01 5.882352941176470784e-01 7.500000000000000000e-01 8.125000000000000000e-01
7.777777777777777901e-01 7.647058823529411242e-01 5.882352941176470784e-01 7.500000000000000000e-01 8.125000000000000000e-01
7.777777777777777901e-01 7.647058823529411242e-01 5.882352941176470784e-01 7.500000000000000000e-01 8.125000000000000000e-01
7.777777777777777901e-01 7.647058823529411242e-01 5.882352941176470784e-01 7.500000000000000000e-01 8.125000000000000000e-01
7.777777777777777901e-01 7.647058823529411242e-01 5.882352941176470784e-01 7.500000000000000000e-01 8.125000000000000000e-01
7.777777777777777901e-01 7.647058823529411242e-01 5.882352941176470784e-01 7.500000000000000000e-01 8.125000000000000000e-01
7.777777777777777901e-01 7.647058823529411242e-01 5.882352941176470784e-01 7.500000000000000000e-01 8.125000000000000000e-01
7.777777777777777901e-01 7.647058823529411242e-01 5.882352941176470784e-01 7.500000000000000000e-01 8.125000000000000000e-01
7.777777777777777901e-01 7.647058823529411242e-01 5.882352941176470784e-01 7.500000000000000000e-01 8.125000000000000000e-01
7.777777777777777901e-01 7.647058823529411242e-01 5.882352941176470784e-01 7.500000000000000000e-01 8.125000000000000000e-01
7.777777777777777901e-01 7.647058823529411242e-01 5.882352941176470784e-01 7.500000000000000000e-01 8.125000000000000000e-01
7.777777777777777901e-01 7.647058823529411242e-01 5.882352941176470784e-01 7.500000000000000000e-01 8.125000000000000000e-01
3.888888888888888951e-01 6.470588235294117974e-01 5.294117647058823595e-01 3.750000000000000000e-01 3.750000000000000000e-01
3.888888888888888951e-01 6.470588235294117974e-01 6.470588235294117974e-01 3.750000000000000000e-01 3.750000000000000000e-01
6.111111111111111605e-01 3.529411764705882582e-01 3.529411764705882582e-01 3.750000000000000000e-01 3.750000000000000000e-01
3.888888888888888951e-01 6.470588235294117974e-01 6.470588235294117974e-01 3.750000000000000000e-01 3.750000000000000000e-01
6.111111111111111605e-01 3.529411764705882582e-01 3.529411764705882582e-01 3.750000000000000000e-01 3.750000000000000000e-01
6.111111111111111605e-01 3.529411764705882582e-01 3.529411764705882582e-01 3.750000000000000000e-01 3.750000000000000000e-01
6.111111111111111605e-01 3.529411764705882582e-01 3.529411764705882582e-01 3.750000000000000000e-01 3.750000000000000000e-01
6.111111111111111605e-01 6.470588235294117974e-01 6.470588235294117974e-01 3.750000000000000000e-01 3.750000000000000000e-01
6.111111111111111605e-01 3.529411764705882582e-01 3.529411764705882582e-01 3.750000000000000000e-01 3.750000000000000000e-01
3.888888888888888951e-01 3.529411764705882582e-01 3.529411764705882582e-01 3.750000000000000000e-01 3.750000000000000000e-01
3.888888888888888951e-01 6.470588235294117974e-01 6.470588235294117974e-01 3.750000000000000000e-01 3.750000000000000000e-01
6.111111111111111605e-01 6.470588235294117974e-01 6.470588235294117974e-01 3.750000000000000000e-01 3.750000000000000000e-01
3.888888888888888951e-01 6.470588235294117974e-01 6.470588235294117974e-01 3.750000000000000000e-01 3.750000000000000000e-01
3.888888888888888951e-01 3.529411764705882582e-01 3.529411764705882582e-01 3.750000000000000000e-01 3.750000000000000000e-01
3.888888888888888951e-01 3.529411764705882582e-01 3.529411764705882582e-01 3.750000000000000000e-01 3.750000000000000000e-01
6.111111111111111605e-01 3.529411764705882582e-01 3.529411764705882582e-01 3.750000000000000000e-01 3.750000000000000000e-01
6.111111111111111605e-01 6.470588235294117974e-01 6.470588235294117974e-01 3.750000000000000000e-01 3.750000000000000000e-01
6.111111111111111605e-01 6.470588235294117974e-01 6.470588235294117974e-01 3.750000000000000000e-01 3.750000000000000000e-01
6.111111111111111605e-01 6.470588235294117974e-01 6.470588235294117974e-01 3.750000000000000000e-01 3.750000000000000000e-01
3.888888888888888951e-01 6.470588235294117974e-01 6.470588235294117974e-01 3.750000000000000000e-01 3.750000000000000000e-01
6.111111111111111605e-01 6.470588235294117974e-01 6.470588235294117974e-01 6.250000000000000000e-01 6.875000000000000000e-01
6.111111111111111605e-01 6.470588235294117974e-01 6.470588235294117974e-01 6.250000000000000000e-01 6.875000000000000000e-01
6.111111111111111605e-01 6.470588235294117974e-01 6.470588235294117974e-01 6.250000000000000000e-01 6.875000000000000000e-01
6.111111111111111605e-01 6.470588235294117974e-01 6.470588235294117974e-01 6.250000000000000000e-01 6.875000000000000000e-01
6.111111111111111605e-01 6.470588235294117974e-01 6.470588235294117974e-01 6.250000000000000000e-01 6.875000000000000000e-01
6.111111111111111605e-01 6.470588235294117974e-01 6.470588235294117974e-01 6.250000000000000000e-01 6.875000000000000000e-01
6.111111111111111605e-01 6.470588235294117974e-01 6.470588235294117974e-01 6.250000000000000000e-01 6.875000000000000000e-01
6.111111111111111605e-01 6.470588235294117974e-01 6.470588235294117974e-01 6.250000000000000000e-01 6.875000000000000000e-01
6.111111111111111605e-01 6.470588235294117974e-01 6.470588235294117974e-01 6.250000000000000000e-01 6.875000000000000000e-01
6.111111111111111605e-01 6.470588235294117974e-01 6.470588235294117974e-01 6.250000000000000000e-01 6.875000000000000000e-01
6.111111111111111605e-01 6.470588235294117974e-01 6.470588235294117974e-01 6.250000000000000000e-01 6.875000000000000000e-01
6.111111111111111605e-01 6.470588235294117974e-01 6.470588235294117974e-01 6.250000000000000000e-01 6.875000000000000000e-01
6.111111111111111605e-01 6.470588235294117974e-01 6.470588235294117974e-01 6.250000000000000000e-01 6.875000000000000000e-01
6.111111111111111605e-01 6.470588235294117974e-01 6.470588235294117974e-01 6.250000000000000000e-01 6.875000000000000000e-01
6.111111111111111605e-01 6.470588235294117974e-01 6.470588235294117974e-01 6.250000000000000000e-01 6.875000000000000000e-01
6.111111111111111605e-01 6.470588235294117974e-01 6.470588235294117974e-01 6.250000000000000000e-01 6.875000000000000000e-01
6.111111111111111605e-01 6.470588235294117974e-01 6.470588235294117974e-01 6.250000000000000000e-01 6.875000000000000000e-01
6.111111111111111605e-01 6.470588235294117974e-01 6.470588235294117974e-01 6.250000000000000000e-01 6.875000000000000000e-01
6.111111111111111605e-01 6.470588235294117974e-01 6.470588235294117974e-01 6.250000000000000000e-01 6.875000000000000000e-01
6.111111111111111605e-01 6.470588235294117974e-01 6.470588235294117974e-01 6.250000000000000000e-01 6.875000000000000000e-01
6.111111111111111605e-01 6.470588235294117974e-01 6.470588235294117974e-01 6.250000000000000000e-01 6.875000000000000000e-01
3.888888888888888951e-01 7.058823529411765163e-01 5.882352941176470784e-01 3.750000000000000000e-01 3.750000000000000000e-01
3.888888888888888951e-01 6.470588235294117974e-01 6.470588235294117974e-01 3.750000000000000000e-01 3.750000000000000000e-01
6.111111111111111605e-01 3.529411764705882582e-01 3.529411764705882582e-01 3.750000000000000000e-01 3.750000000000000000e-01
3.888888888888888951e-01 6.470588235294117974e-01 6.470588235294117974e-01 3.750000000000000000e-01 3.750000000000000000e-01
6.111111111111111605e-01 3.529411764705882582e-01 3.529411764705882582e-01 3.750000000000000000e-01 3.750000000000000000e-01
6.111111111111111605e-01 3.529411764705882582e-01 3.529411764705882582e-01 3.750000000000000000e-01 3.750000000000000000e-01
6.111111111111111605e-01 3.529411764705882582e-01 3.529411764705882582e-01 3.750000000000000000e-01 3.750000000000000000e-01
6.111111111111111605e-01 6.470588235294117974e-01 6.470588235294117974e-01 3.750000000000000000e-01 3.750000000000000000e-01
6.111111111111111605e-01 3.529411764705882582e-01 3.529411764705882582e-01 3.750000000000000000e-01 3.750000000000000000e-01
3.888888888888888951e-01 3.529411764705882582e-01 3.529411764705882582e-01 3.750000000000000000e-01 3.750000000000000000e-01
3.888888888888888951e-01 6.470588235294117974e-01 6.470588235294117974e-01 3.750000000000000000e-01 3.750000000000000000e-01
6.111111111111111605e-01 6.470588235294117974e-01 6.470588235294117974e-01 3.750000000000000000e-01 3.750000000000000000e-01
3.888888888888888951e-01 6.470588235294117974e-01 6.470588235294117974e-01 3.750000000000000000e-01 3.750000000000000000e-01
3.888888888888888951e-01 3.529411764705882582e-01 3.529411764705882582e-01 3.750000000000000000e-01 3.750000000000000000e-01
3.888888888888888951e-01 3.529411764705882582e-01 3.529411764705882582e-01 3.750000000000000000e-01 3.750000000000000000e-01
6.111111111111111605e-01 3.529411764705882582e-01 3.529411764705882582e-01 3.750000000000000000e-01 3.750000000000000000e-01
6.111111111111111605e-01 6.470588235294117974e-01 6.470588235294117974e-01 3.750000000000000000e-01 3.750000000000000000e-01
6.111111111111111605e-01 6.470588235294117974e-01 6.470588235294117974e-01 3.750000000000000000e-01 3.750000000000000000e-01
6.111111111111111605e-01 6.470588235294117974e-01 6.470588235294117974e-01 3.750000000000000000e-01 3.750000000000000000e-01
3.888888888888888951e-01 6.470588235294117974e-01 6.470588235294117974e-01 3.750000000000000000e-01 3.750000000000000000e-01
6.111111111111111605e-01 6.470588235294117974e-01 6.470588235294117974e-01 6.250000000000000000e-01 6.250000000000000000e-01
6.111111111111111605e-01 6.470588235294117974e-01 6.470588235294117974e-01 6.250000000000000000e-01 6.250000000000000000e-01
6.111111111111111605e-01 6.470588235294117974e-01 6.470588235294117974e-01 6.250000000000000000e-01 6.250000000000000000e-01
6.111111111111111605e-01 6.470588235294117974e-01 6.470588235294117974e-01 6.250000000000000000e-01 6.250000000000000000e-01
6.111111111111111605e-01 6.470588235294117974e-01 6.470588235294117974e-01 6.250000000000000000e-01 6.250000000000000000e-01
6.111111111111111605e-01 6.470588235294117974e-01 6.470588235294117974e-01 6.250000000000000000e-01 6.250000000000000000e-01
6.111111111111111605e-01 6.470588235294117974e-01 6.470588235294117974e-01 6.250000000000000000e-01 6.250000000000000000e-01
6.111111111111111605e-01 6.470588235294117974e-01 6.470588235294117974e-01 6.250000000000000000e-01 6.250000000000000000e-01
6.111111111111111605e-01 6.470588235294117974e-01 6.470588235294117974e-01 6.250000000000000000e-01 6.250000000000000000e-01
6.111111111111111605e-01 6.470588235294117974e-01 6.470588235294117974e-01 6.250000000000000000e-01 6.250000000000000000e-01
6.111111111111111605e-01 6.470588235294117974e-01 6.470588235294117974e-01 6.250000000000000000e-01 6.250000000000000000e-01
6.111111111111111605e-01 6.470588235294117974e-01 6.470588235294117974e-01 6.250000000000000000e-01 6.250000000000000000e-01
6.111111111111111605e-01 6.470588235294117974e-01 6.470588235294117974e-01 6.250000000000000000e-01 6.250000000000000000e-01
6.111111111111111605e-01 6.470588235294117974e-01 6.470588235294117974e-01 6.250000000000000000e-01 6.250000000000000000e-01
6.111111111111111605e-01 6.470588235294117974e-01 6.470588235294117974e-01 6.250000000000000000e-01 6.250000000000000000e-01
6.111111111111111605e-01 6.470588235294117974e-01 6.470588235294117974e-01 6.250000000000000000e-01 6.250000000000000000e-01
6.111111111111111605e-01 6.470588235294117974e-01 6.470588235294117974e-01 6.250000000000000000e-01 6.250000000000000000e-01
6.111111111111111605e-01 6.470588235294117974e-01 6.470588235294117974e-01 6.250000000000000000e-01 6.250000000000000000e-01
6.111111111111111605e-01 6.470588235294117974e-01 6.470588235294117974e-01 6.250000000000000000e-01 6.250000000000000000e-01
6.111111111111111605e-01 6.470588235294117974e-01 6.470588235294117974e-01 6.250000000000000000e-01 6.250000000000000000e-01
6.111111111111111605e-01 6.470588235294117974e-01 6.470588235294117974e-01 6.250000000000000000e-01 6.250000000000000000e-01
3.888888888888888951e-01 7.647058823529411242e-01 5.882352941176470784e-01 3.750000000000000000e-01 3.750000000000000000e-01
3.888888888888888951e-01 6.470588235294117974e-01 6.470588235294117974e-01 3.750000000000000000e-01 3.750000000000000000e-01
6.111111111111111605e-01 3.529411764705882582e-01 3.529411764705882582e-01 3.750000000000000000e-01 3.750000000000000000e-01
3.888888888888888951e-01 6.470588235294117974e-01 6.470588235294117974e-01 3.750000000000000000e-01 3.750000000000000000e-01
6.111111111111111605e-01 3.529411764705882582e-01 3.529411764705882582e-01 3.750000000000000000e-01 3.750000000000000000e-01
6.111111111111111605e-01 3.529411764705882582e-01 3.529411764705882582e-01 3.750000000000000000e-01 3.750000000000000000e-01
6.111111111111111605e-01 3.529411764705882582e-01 3.529411764705882582e-01 3.750000000000000000e-01 3.750000000000000000e-01
6.111111111111111605e-01 6.470588235294117974e-01 6.470588235294117974e-01 3.750000000000000000e-01 3.750000000000000000e-01
6.111111111111111605e-01 3.529411764705882582e-01 3.529411764705882582e-01 3.750000000000000000e-01 3.750000000000000000e-01
3.888888888888888951e-01 3.529411764705882582e-01 3.529411764705882582e-01 3.750000000000000000e-01 3.750000000000000000e-01
3.888888888888888951e-01 6.470588235294117974e-01 6.470588235294117974e-01 3.750000000000000000e-01 3.750000000000000000e-01
6.111111111111111605e-01 6.470588235294117974e-01 6.470588235294117974e-01 3.750000000000000000e-01 3.750000000000000000e-01
3.888888888888888951e-01 6.470588235294117974e-01 6.470588235294117974e-01 3.750000000000000000e-01 3.750000000000000000e-01
3.888888888888888951e-01 3.529411764705882582e-01 3.529411764705882582e-01 3.750000000000000000e-01 3.750000000000000000e-01
3.888888888888888951e-01 3.529411764705882582e-01 3.529411764705882582e-01 3.750000000000000000e-01 3.750000000000000000e-01
6.111111111111111605e-01 3.529411764705882582e-01 3.529411764705882582e-01 3.750000000000000000e-01 3.750000000000000000e-01
6.111111111111111605e-01 6.470588235294117974e-01 6.470588235294117974e-01 3.750000000000000000e-01 3.750000000000000000e-01
6.111111111111111605e-01 6.470588235294117974e-01 6.470588235294117974e-01 3.750000000000000000e-01 3.750000000000000000e-01
6.111111111111111605e-01 6.470588235294117974e-01 6.470588235294117974e-01 3.750000000000000000e-01 3.750000000000000000e-01
3.888888888888888951e-01 6.470588235294117974e-01 6.470588235294117974e-01 3.750000000000000000e-01 3.750000000000000000e-01
6.111111111111111605e-01 6.470588235294117974e-01 6.470588235294117974e-01 6.250000000000000000e-01 6.250000000000000000e-01
6.111111111111111605e-01 6.470588235294117974e-01 6.470588235294117974e-01 6.250000000000000000e-01 6.250000000000000000e-01
6.111111111111111605e-01 6.470588235294117974e-01 6.470588235294117974e-01 6.250000000000000000e-01 6.250000000000000000e-01
6.111111111111111605e-01 6.470588235294117974e-01 6.470588235294117974e-01 6.250000000000000000e-01 6.250000000000000000e-01
6.111111111111111605e-01 6.470588235294117974e-01 6.470588235294117974e-01 6.250000000000000000e-01 6.250000000000000000e-01
6.111111111111111605e-01 6.470588235294117974e-01 6.470588235294117974e-01 6.250000000000000000e-01 6.250000000000000000e-01
6.111111111111111605e-01 6.470588235294117974e-01 6.470588235294117974e-01 6.250000000000000000e-01 6.250000000000000000e-01
6.111111111111111605e-01 6.470588235294117974e-01 6.470588235294117974e-01 6.250000000000000000e-01 6.250000000000000000e-01
6.111111111111111605e-01 6.470588235294117974e-01 6.470588235294117974e-01 6.250000000000000000e-01 6.250000000000000000e-01
6.111111111111111605e-01 6.470588235294117974e-01 6.470588235294117974e-01 6.250000000000000000e-01 6.250000000000000000e-01
6.111111111111111605e-01 6.470588235294117974e-01 6.470588235294117974e-01 6.250000000000000000e-01 6.250000000000000000e-01
6.111111111111111605e-01 6.470588235294117974e-01 6.470588235294117974e-01 6.250000000000000000e-01 6.250000000000000000e-01
6.111111111111111605e-01 6.470588235294117974e-01 6.470588235294117974e-01 6.250000000000000000e-01 6.250000000000000000e-01
6.111111111111111605e-01 6.470588235294117974e-01 6.470588235294117974e-01 6.250000000000000000e-01 6.250000000000000000e-01
6.111111111111111605e-01 6.470588235294117974e-01 6.470588235294117974e-01 6.250000000000000000e-01 6.250000000000000000e-01
6.111111111111111605e-01 6.470588235294117974e-01 6.470588235294117974e-01 6.250000000000000000e-01 6.250000000000000000e-01
6.111111111111111605e-01 6.470588235294117974e-01 6.470588235294117974e-01 6.250000000000000000e-01 6.250000000000000000e-01
6.111111111111111605e-01 6.470588235294117974e-01 6.470588235294117974e-01 6.250000000000000000e-01 6.250000000000000000e-01
6.111111111111111605e-01 6.470588235294117974e-01 6.470588235294117974e-01 6.250000000000000000e-01 6.250000000000000000e-01
6.111111111111111605e-01 6.470588235294117974e-01 6.470588235294117974e-01 6.250000000000000000e-01 6.250000000000000000e-01
6.111111111111111605e-01 6.470588235294117974e-01 6.470588235294117974e-01 6.250000000000000000e-01 6.250000000000000000e-01
3.888888888888888951e-01 7.647058823529411242e-01 5.294117647058823595e-01 3.750000000000000000e-01 3.750000000000000000e-01
3.888888888888888951e-01 6.470588235294117974e-01 6.470588235294117974e-01 3.750000000000000000e-01 3.750000000000000000e-01
6.111111111111111605e-01 3.529411764705882582e-01 3.529411764705882582e-01 3.750000000000000000e-01 3.750000000000000000e-01
3.888888888888888951e-01 6.470588235294117974e-01 6.470588235294117974e-01 3.750000000000000000e-01 3.750000000000000000e-01
6.111111111111111605e-01 3.529411764705882582e-01 3.529411764705882582e-01 3.750000000000000000e-01 3.750000000000000000e-01
6.111111111111111605e-01 3.529411764705882582e-01 3.529411764705882582e-01 3.750000000000000000e-01 3.750000000000000000e-01
6.111111111111111605e-01 3.529411764705882582e-01 3.529411764705882582e-01 3.750000000000000000e-01 3.750000000000000000e-01
6.111111111111111605e-01 6.470588235294117974e-01 6.470588235294117974e-01 3.750000000000000000e-01 3.750000000000000000e-01
6.111111111111111605e-01 3.529411764705882582e-01 3.529411764705882582e-01 3.750000000000000000e-01 3.750000000000000000e-01
3.888888888888888951e-01 3.529411764705882582e-01 3.529411764705882582e-01 3.750000000000000000e-01 3.750000000000000000e-01
3.888888888888888951e-01 6.470588235294117974e-01 6.470588235294117974e-01 3.750000000000000000e-01 3.750000000000000000e-01
6.111111111111111605e-01 6.470588235294117974e-01 6.470588235294117974e-01 3.750000000000000000e-01 3.750000000000000000e-01
3.888888888888888951e-01 6.470588235294117974e-01 6.470588235294117974e-01 3.750000000000000000e-01 3.750000000000000000e-01
3.888888888888888951e-01 3.529411764705882582e-01 3.529411764705882582e-01 3.750000000000000000e-01 3.750000000000000000e-01
3.888888888888888951e-01 3.529411764705882582e-01 3.529411764705882582e-01 3.750000000000000000e-01 3.750000000000000000e-01
6.111111111111111605e-01 3.529411764705882582e-01 3.529411764705882582e-01 3.750000000000000000e-01 3.750000000000000000e-01
6.111111111111111605e-01 6.470588235294117974e-01 6.470588235294117974e-01 3.750000000000000000e-01 3.750000000000000000e-01
6.111111111111111605e-01 6.470588235294117974e-01 6.470588235294117974e-01 3.750000000000000000e-01 3.750000000000000000e-01
6.111111111111111605e-01 6.470588235294117974e-01 6.470588235294117974e-01 3.750000000000000000e-01 3.750000000000000000e-01
3.888888888888888951e-01 6.470588235294117974e-01 6.470588235294117974e-01 3.750000000000000000e-01 3.750000000000000000e-01
6.111111111111111605e-01 6.470588235294117974e-01 6.470588235294117974e-01 6.250000000000000000e-01 6.250000000000000000e-01
6.111111111111111605e-01 6.470588235294117974e-01 6.470588235294117974e-01 6.250000000000000000e-01 6.250000000000000000e-01
6.111111111111111605e-01 6.470588235294117974e-01 6.470588235294117974e-01 6.250000000000000000e-01 6.250000000000000000e-01
6.111111111111111605e-01 6.470588235294117974e-01 6.470588235294117974e-01 6.250000000000000000e-01 6.250000000000000000e-01
6.111111111111111605e-01 6.470588235294117974e-01 6.470588235294117974e-01 6.250000000000000000e-01 6.250000000000000000e-01
6.111111111111111605e-01 6.470588235294117974e-01 6.470588235294117974e-01 6.250000000000000000e-01 6.250000000000000000e-01
6.111111111111111605e-01 6.470588235294117974e-01 6.470588235294117974e-01 6.250000000000000000e-01 6.250000000000000000e-01
6.111111111111111605e-01 6.470588235294117974e-01 6.470588235294117974e-01 6.250000000000000000e-01 6.250000000000000000e-01
6.111111111111111605e-01 6.470588235294117974e-01 6.470588235294117974e-01 6.250000000000000000e-01 6.250000000000000000e-01
6.111111111111111605e-01 6.470588235294117974e-01 6.470588235294117974e-01 6.250000000000000000e-01 6.250000000000000000e-01
6.111111111111111605e-01 6.470588235294117974e-01 6.470588235294117974e-01 6.250000000000000000e-01 6.250000000000000000e-01
6.111111111111111605e-01 6.470588235294117974e-01 6.470588235294117974e-01 6.250000000000000000e-01 6.250000000000000000e-01
6.111111111111111605e-01 6.470588235294117974e-01 6.470588235294117974e-01 6.250000000000000000e-01 6.250000000000000000e-01
6.111111111111111605e-01 6.470588235294117974e-01 6.470588235294117974e-01 6.250000000000000000e-01 6.250000000000000000e-01
6.111111111111111605e-01 6.470588235294117974e-01 6.470588235294117974e-01 6.250000000000000000e-01 6.250000000000000000e-01
6.111111111111111605e-01 6.470588235294117974e-01 6.470588235294117974e-01 6.250000000000000000e-01 6.250000000000000000e-01
6.111111111111111605e-01 6.470588235294117974e-01 6.470588235294117974e-01 6.250000000000000000e-01 6.250000000000000000e-01
6.111111111111111605e-01 6.470588235294117974e-01 6.470588235294117974e-01 6.250000000000000000e-01 6.250000000000000000e-01
6.111111111111111605e-01 6.470588235294117974e-01 6.470588235294117974e-01 6.250000000000000000e-01 6.250000000000000000e-01
6.111111111111111605e-01 6.470588235294117974e-01 6.470588235294117974e-01 6.250000000000000000e-01 6.250000000000000000e-01
6.111111111111111605e-01 6.470588235294117974e-01 6.470588235294117974e-01 6.250000000000000000e-01 6.250000000000000000e-01
3.888888888888888951e-01 7.058823529411765163e-01 5.882352941176470784e-01 3.750000000000000000e-01 3.750000000000000000e-01
3.888888888888888951e-01 6.470588235294117974e-01 6.470588235294117974e-01 3.750000000000000000e-01 3.750000000000000000e-01
6.111111111111111605e-01 3.529411764705882582e-01 3.529411764705882582e-01 3.750000000000000000e-01 3.750000000000000000e-01
3.888888888888888951e-01 6.470588235294117974e-01 6.470588235294117974e-01 3.750000000000000000e-01 3.750000000000000000e-01
6.111111111111111605e-01 3.529411764705882582e-01 3.529411764705882582e-01 3.750000000000000000e-01 3.750000000000000000e-01
6.111111111111111605e-01 3.529411764705882582e-01 3.529411764705882582e-01 3.750000000000000000e-01 3.750000000000000000e-01
6.111111111111111605e-01 3.529411764705882582e-01 3.529411764705882582e-01 3.750000000000000000e-01 3.750000000000000000e-01
6.111111111111111605e-01 6.470588235294117974e-01 6.470588235294117974e-01 3.750000000000000000e-01 3.750000000000000000e-01
6.111111111111111605e-01 3.529411764705882582e-01 3.529411764705882582e-01 3.750000000000000000e-01 3.750000000000000000e-01
3.888888888888888951e-01 3.529411764705882582e-01 3.529411764705882582e-01 3.750000000000000000e-01 3.750000000000000000e-01
3.888888888888888951e-01 6.470588235294117974e-01 6.470588235294117974e-01 3.750000000000000000e-01 3.750000000000000000e-01
6.111111111111111605e-01 6.470588235294117974e-01 6.470588235294117974e-01 3.750000000000000000e-01 3.750000000000000000e-01
3.888888888888888951e-01 6.470588235294117974e-01 6.470588235294117974e-01 3.750000000000000000e-01 3.750000000000000000e-01
3.888888888888888951e-01 3.529411764705882582e-01 3.529411764705882582e-01 3.750000000000000000e-01 3.750000000000000000e-01
3.888888888888888951e-01 3.529411764705882582e-01 3.529411764705882582e-01 3.750000000000000000e-01 3.750000000000000000e-01
6.111111111111111605e-01 3.529411764705882582e-01 3.529411764705882582e-01 3.750000000000000000e-01 3.750000000000000000e-01
6.111111111111111605e-01 6.470588235294117974e-01 6.470588235294117974e-01 3.750000000000000000e-01 3.750000000000000000e-01
6.111111111111111605e-01 6.470588235294117974e-01 6.470588235294117974e-01 3.750000000000000000e-01 3.750000000000000000e-01
6.111111111111111605e-01 6.470588235294117974e-01 6.470588235294117974e-01 3.750000000000000000e-01 3.750000000000000000e-01
3.888888888888888951e-01 6.470588235294117974e-01 6.470588235294117974e-01 3.750000000000000000e-01 3.750000000000000000e-01
6.111111111111111605e-01 6.470588235294117974e-01 6.470588235294117974e-01 6.250000000000000000e-01 6.250000000000000000e-01
6.111111111111111605e-01 6.470588235294117974e-01 6.470588235294117974e-01 6.250000000000000000e-01 6.250000000000000000e-01
6.111111111111111605e-01 6.470588235294117974e-01 6.470588235294117974e-01 6.250000000000000000e-01 6.250000000000000000e-01
6.111111111111111605e-01 6.470588235294117974e-01 6.470588235294117974e-01 6.250000000000000000e-01 6.250000000000000000e-01
6.111111111111111605e-01 6.470588235294117974e-01 6.470588235294117974e-01 6.250000000000000000e-01 6.250000000000000000e-01
6.111111111111111605e-01 6.470588235294117974e-01 6.470588235294117974e-01 6.250000000000000000e-01 6.250000000000000000e-01
6.111111111111111605e-01 6.470588235294117974e-01 6.470588235294117974e-01 6.250000000000000000e-01 6.250000000000000000e-01
6.111111111111111605e-01 6.470588235294117974e-01 6.470588235294117974e-01 6.250000000000000000e-01 6.250000000000000000e-01
6.111111111111111605e-01 6.470588235294117974e-01 6.470588235294117974e-01 6.250000000000000000e-01 6.250000000000000000e-01
6.111111111111111605e-01 6.470588235294117974e-01 6.470588235294117974e-01 6.250000000000000000e-01 6.250000000000000000e-01
6.111111111111111605e-01 6.470588235294117974e-01 6.470588235294117974e-01 6.250000000000000000e-01 6.250000000000000000e-01
6.111111111111111605e-01 6.470588235294117974e-01 6.470588235294117974e-01 6.250000000000000000e-01 6.250000000000000000e-01
6.111111111111111605e-01 6.470588235294117974e-01 6.470588235294117974e-01 6.250000000000000000e-01 6.250000000000000000e-01
6.111111111111111605e-01 6.470588235294117974e-01 6.470588235294117974e-01 6.250000000000000000e-01 6.250000000000000000e-01
6.111111111111111605e-01 6.470588235294117974e-01 6.470588235294117974e-01 6.250000000000000000e-01 6.250000000000000000e-01
6.111111111111111605e-01 6.470588235294117974e-01 6.470588235294117974e-01 6.250000000000000000e-01 6.250000000000000000e-01
6.111111111111111605e-01 6.470588235294117974e-01 6.470588235294117974e-01 6.250000000000000000e-01 6.250000000000000000e-01
6.111111111111111605e-01 6.470588235294117974e-01 6.470588235294117974e-01 6.250000000000000000e-01 6.250000000000000000e-01
6.111111111111111605e-01 6.470588235294117974e-01 6.470588235294117974e-01 6.250000000000000000e-01 6.250000000000000000e-01
6.111111111111111605e-01 6.470588235294117974e-01 6.470588235294117974e-01 6.250000000000000000e-01 6.250000000000000000e-01
6.111111111111111605e-01 6.470588235294117974e-01 6.470588235294117974e-01 6.250000000000000000e-01 6.250000000000000000e-01
3.888888888888888951e-01 7.058823529411765163e-01 5.882352941176470784e-01 3.750000000000000000e-01 3.750000000000000000e-01
3.888888888888888951e-01 6.470588235294117974e-01 6.470588235294117974e-01 3.750000000000000000e-01 3.750000000000000000e-01
6.111111111111111605e-01 3.529411764705882582e-01 3.529411764705882582e-01 3.750000000000000000e-01 3.750000000000000000e-01
3.888888888888888951e-01 6.470588235294117974e-01 6.470588235294117974e-01 3.750000000000000000e-01 3.750000000000000000e-01
6.111111111111111605e-01 3.529411764705882582e-01 3.529411764705882582e-01 3.750000000000000000e-01 3.750000000000000000e-01
6.111111111111111605e-01 3.529411764705882582e-01 3.529411764705882582e-01 3.750000000000000000e-01 3.750000000000000000e-01
6.111111111111111605e-01 3.529411764705882582e-01 3.529411764705882582e-01 3.750000000000000000e-01 3.750000000000000000e-01
6.111111111111111605e-01 6.470588235294117974e-01 6.470588235294117974e-01 3.750000000000000000e-01 3.750000000000000000e-01
6.111111111111111605e-01 3.529411764705882582e-01 3.529411764705882582e-01 3.750000000000000000e-01 3.750000000000000000e-01
3.888888888888888951e-01 3.529411764705882582e-01 3.529411764705882582e-01 3.750000000000000000e-01 3.750000000000000000e-01
3.888888888888888951e-01 6.470588235294117974e-01 6.470588235294117974e-01 3.750000000000000000e-01 3.750000000000000000e-01
6.111111111111111605e-01 6.470588235294117974e-01 6.470588235294117974e-01 3.750000000000000000e-01 3.750000000000000000e-01
3.888888888888888951e-01 6.470588235294117974e-01 6.470588235294117974e-01 3.750000000000000000e-01 3.750000000000000000e-01
3.888888888888888951e-01 3.529411764705882582e-01 3.529411764705882582e-01 3.750000000000000000e-01 3.750000000000000000e-01
3.888888888888888951e-01 3.529411764705882582e-01 3.529411764705882582e-01 3.750000000000000000e-01 3.750000000000000000e-01
6.111111111111111605e-01 3.529411764705882582e-01 3.529411764705882582e-01 3.750000000000000000e-01 3.750000000000000000e-01
6.111111111111111605e-01 6.470588235294117974e-01 6.470588235294117974e-01 3.750000000000000000e-01 3.750000000000000000e-01
6.111111111111111605e-01 6.470588235294117974e-01 6.470588235294117974e-01 3.750000000000000000e-01 3.750000000000000000e-01
6.111111111111111605e-01 6.470588235294117974e-01 6.470588235294117974e-01 3.750000000000000000e-01 3.750000000000000000e-01
3.888888888888888951e-01 6.470588235294117974e-01 6.470588235294117974e-01 3.750000000000000000e-01 3.750000000000000000e-01
6.111111111111111605e-01 6.470588235294117974e-01 6.470588235294117974e-01 6.250000000000000000e-01 6.250000000000000000e-01
6.111111111111111605e-01 6.470588235294117974e-01 6.470588235294117974e-01 6.250000000000000000e-01 6.250000000000000000e-01
6.111111111111111605e-01 6.470588235294117974e-01 6.470588235294117974e-01 6.250000000000000000e-01 6.250000000000000000e-01
6.111111111111111605e-01 6.470588235294117974e-01 6.470588235294117974e-01 6.250000000000000000e-01 6.250000000000000000e-01
6.111111111111111605e-01 6.470588235294117974e-01 6.470588235294117974e-01 6.250000000000000000e-01 6.250000000000000000e-01
6.111111111111111605e-01 6.470588235294117974e-01 6.470588235294117974e-01 6.250000000000000000e-01 6.250000000000000000e-01
6.111111111111111605e-01 6.470588235294117974e-01 6.470588235294117974e-01 6.250000000000000000e-01 6.250000000000000000e-01
6.111111111111111605e-01 6.470588235294117974e-01 6.470588235294117974e-01 6.250000000000000000e-01 6.250000000000000000e-01
6.111111111111111605e-01 6.470588235294117974e-01 6.470588235294117974e-01 6.250000000000000000e-01 6.250000000000000000e-01
6.111111111111111605e-01 6.470588235294117974e-01 6.470588235294117974e-01 6.250000000000000000e-01 6.250000000000000000e-01
6.111111111111111605e-01 6.470588235294117974e-01 6.470588235294117974e-01 6.250000000000000000e-01 6.250000000000000000e-01
6.111111111111111605e-01 6.470588235294117974e-01 6.470588235294117974e-01 6.250000000000000000e-01 6.250000000000000000e-01
6.111111111111111605e-01 6.470588235294117974e-01 6.470588235294117974e-01 6.250000000000000000e-01 6.250000000000000000e-01
6.111111111111111605e-01 6.470588235294117974e-01 6.470588235294117974e-01 6.250000000000000000e-01 6.250000000000000000e-01
6.111111111111111605e-01 6.470588235294117974e-01 6.470588235294117974e-01 6.250000000000000000e-01 6.250000000000000000e-01
6.111111111111111605e-01 6.470588235294117974e-01 6.470588235294117974e-01 6.250000000000000000e-01 6.250000000000000000e-01
6.111111111111111605e-01 6.470588235294117974e-01 6.470588235294117974e-01 6.250000000000000000e-01 6.250000000000000000e-01
6.111111111111111605e-01 6.470588235294117974e-01 6.470588235294117974e-01 6.250000000000000000e-01 6.250000000000000000e-01
6.111111111111111605e-01 6.470588235294117974e-01 6.470588235294117974e-01 6.250000000000000000e-01 6.250000000000000000e-01
6.111111111111111605e-01 6.470588235294117974e-01 6.470588235294117974e-01 6.250000000000000000e-01 6.250000000000000000e-01
6.111111111111111605e-01 6.470588235294117974e-01 6.470588235294117974e-01 6.250000000000000000e-01 6.250000000000000000e-01
3.888888888888888951e-01 7.058823529411765163e-01 5.882352941176470784e-01 3.750000000000000000e-01 3.750000000000000000e-01
3.888888888888888951e-01 6.470588235294117974e-01 6.470588235294117974e-01 3.750000000000000000e-01 3.750000000000000000e-01
6.111111111111111605e-01 3.529411764705882582e-01 3.529411764705882582e-01 3.750000000000000000e-01 3.750000000000000000e-01
3.888888888888888951e-01 6.470588235294117974e-01 6.470588235294117974e-01 3.750000000000000000e-01 3.750000000000000000e-01
6.111111111111111605e-01 3.529411764705882582e-01 3.529411764705882582e-01 3.750000000000000000e-01 3.750000000000000000e-01
6.111111111111111605e-01 3.529411764705882582e-01 3.529411764705882582e-01 3.750000000000000000e-01 3.750000000000000000e-01
6.111111111111111605e-01 3.529411764705882582e-01 3.529411764705882582e-01 3.750000000000000000e-01 3.750000000000000000e-01
6.111111111111111605e-01 6.470588235294117974e-01 6.470588235294117974e-01 3.750000000000000000e-01 3.750000000000000000e-01
6.111111111111111605e-01 3.529411764705882582e-01 3.529411764705882582e-01 3.750000000000000000e-01 3.750000000000000000e-01
3.888888888888888951e-01 3.529411764705882582e-01 3.529411764705882582e-01 3.750000000000000000e-01 3.750000000000000000e-01
3.888888888888888951e-01 6.470588235294117974e-01 6.470588235294117974e-01 3.750000000000000000e-01 3.750000000000000000e-01
6.111111111111111605e-01 6.470588235294117974e-01 6.470588235294117974e-01 3.750000000000000000e-01 3.750000000000000000e-01
3.888888888888888951e-01 6.470588235294117974e-01 6.470588235294117974e-01 3.750000000000000000e-01 3.750000000000000000e-01
3.888888888888888951e-01 3.529411764705882582e-01 3.529411764705882582e-01 3.750000000000000000e-01 3.750000000000000000e-01
3.888888888888888951e-01 3.529411764705882582e-01 3.529411764705882582e-01 3.750000000000000000e-01 3.750000000000000000e-01
6.111111111111111605e-01 3.529411764705882582e-01 3.529411764705882582e-01 3.750000000000000000e-01 3.750000000000000000e-01
6.111111111111111605e-01 6.470588235294117974e-01 6.470588235294117974e-01 3.750000000000000000e-01 3.750000000000000000e-01
6.111111111111111605e-01 6.470588235294117974e-01 6.470588235294117974e-01 3.750000000000000000e-01 3.750000000000000000e-01
6.111111111111111605e-01 6.470588235294117974e-01 6.470588235294117974e-01 3.750000000000000000e-01 3.750000000000000000e-01
3.888888888888888951e-01 6.470588235294117974e-01 6.470588235294117974e-01 3.750000000000000000e-01 3.750000000000000000e-01
6.111111111111111605e-01 6.470588235294117974e-01 6.470588235294117974e-01 6.250000000000000000e-01 6.250000000000000000e-01
6.111111111111111605e-01 6.470588235294117974e-01 6.470588235294117974e-01 6.250000000000000000e-01 6.250000000000000000e-01
6.111111111111111605e-01 6.470588235294117974e-01 6.470588235294117974e-01 6.250000000000000000e-01 6.250000000000000000e-01
6.111111111111111605e-01 6.470588235294117974e-01 6.470588235294117974e-01 6.250000000000000000e-01 6.250000000000000000e-01
6.111111111111111605e-01 6.470588235294117974e-01 6.470588235294117974e-01 6.250000000000000000e-01 6.250000000000000000e-01
6.111111111111111605e-01 6.470588235294117974e-01 6.470588235294117974e-01 6.250000000000000000e-01 6.250000000000000000e-01
6.111111111111111605e-01 6.470588235294117974e-01 6.470588235294117974e-01 6.250000000000000000e-01 6.250000000000000000e-01
6.111111111111111605e-01 6.470588235294117974e-01 6.470588235294117974e-01 6.250000000000000000e-01 6.250000000000000000e-01
6.111111111111111605e-01 6.470588235294117974e-01 6.470588235294117974e-01 6.250000000000000000e-01 6.250000000000000000e-01
6.111111111111111605e-01 6.470588235294117974e-01 6.470588235294117974e-01 6.250000000000000000e-01 6.250000000000000000e-01
6.111111111111111605e-01 6.470588235294117974e-01 6.470588235294117974e-01 6.250000000000000000e-01 6.250000000000000000e-01
6.111111111111111605e-01 6.470588235294117974e-01 6.470588235294117974e-01 6.250000000000000000e-01 6.250000000000000000e-01
6.111111111111111605e-01 6.470588235294117974e-01 6.470588235294117974e-01 6.250000000000000000e-01 6.250000000000000000e-01
6.111111111111111605e-01 6.470588235294117974e-01 6.470588235294117974e-01 6.250000000000000000e-01 6.250000000000000000e-01
6.111111111111111605e-01 6.470588235294117974e-01 6.470588235294117974e-01 6.250000000000000000e-01 6.250000000000000000e-01
6.111111111111111605e-01 6.470588235294117974e-01 6.470588235294117974e-01 6.250000000000000000e-01 6.250000000000000000e-01
6.111111111111111605e-01 6.470588235294117974e-01 6.470588235294117974e-01 6.250000000000000000e-01 6.250000000000000000e-01
6.111111111111111605e-01 6.470588235294117974e-01 6.470588235294117974e-01 6.250000000000000000e-01 6.250000000000000000e-01
6.111111111111111605e-01 6.470588235294117974e-01 6.470588235294117974e-01 6.250000000000000000e-01 6.250000000000000000e-01
6.111111111111111605e-01 6.470588235294117974e-01 6.470588235294117974e-01 6.250000000000000000e-01 6.250000000000000000e-01
6.111111111111111605e-01 6.470588235294117974e-01 6.470588235294117974e-01 6.250000000000000000e-01 6.250000000000000000e-01
3.888888888888888951e-01 7.058823529411765163e-01 5.882352941176470784e-01 3.750000000000000000e-01 3.750000000000000000e-01
3.888888888888888951e-01 6.470588235294117974e-01 6.470588235294117974e-01 3.750000000000000000e-01 3.750000000000000000e-01
6.111111111111111605e-01 3.529411764705882582e-01 3.529411764705882582e-01 3.750000000000000000e-01 3.750000000000000000e-01
3.888888888888888951e-01 6.470588235294117974e-01 6.470588235294117974e-01 3.750000000000000000e-01 3.750000000000000000e-01
6.111111111111111605e-01 3.529411764705882582e-01 3.529411764705882582e-01 3.750000000000000000e-01 3.750000000000000000e-01
6.111111111111111605e-01 3.529411764705882582e-01 3.529411764705882582e-01 3.750000000000000000e-01 3.750000000000000000e-01
6.111111111111111605e-01 3.529411764705882582e-01 3.529411764705882582e-01 3.750000000000000000e-01 3.750000000000000000e-01
6.111111111111111605e-01 6.470588235294117974e-01 6.470588235294117974e-01 3.750000000000000000e-01 3.750000000000000000e-01
6.111111111111111605e-01 3.529411764705882582e-01 3.529411764705882582e-01 3.750000000000000000e-01 3.750000000000000000e-01
3.888888888888888951e-01 3.529411764705882582e-01 3.529411764705882582e-01 3.750000000000000000e-01 3.750000000000000000e-01
3.888888888888888951e-01 6.470588235294117974e-01 6.470588235294117974e-01 3.750000000000000000e-01 3.750000000000000000e-01
6.111111111111111605e-01 6.470588235294117974e-01 6.470588235294117974e-01 3.750000000000000000e-01 3.750000000000000000e-01
3.888888888888888951e-01 6.470588235294117974e-01 6.470588235294117974e-01 3.750000000000000000e-01 3.750000000000000000e-01
3.888888888888888951e-01 3.529411764705882582e-01 3.529411764705882582e-01 3.750000000000000000e-01 3.750000000000000000e-01
3.888888888888888951e-01 3.529411764705882582e-01 3.529411764705882582e-01 3.750000000000000000e-01 3.750000000000000000e-01
6.111111111111111605e-01 3.529411764705882582e-01 3.529411764705882582e-01 3.750000000000000000e-01 3.750000000000000000e-01
6.111111111111111605e-01 6.470588235294117974e-01 6.470588235294117974e-01 3.750000000000000000e-01 3.750000000000000000e-01
6.111111111111111605e-01 6.470588235294117974e-01 6.470588235294117974e-01 3.750000000000000000e-01 3.750000000000000000e-01
6.111111111111111605e-01 6.470588235294117974e-01 6.470588235294117974e-01 3.750000000000000000e-01 3.750000000000000000e-01
3.888888888888888951e-01 6.470588235294117974e-01 6.470588235294117974e-01 3.750000000000000000e-01 3.750000000000000000e-01
6.111111111111111605e-01 6.470588235294117974e-01 6.470588235294117974e-01 6.250000000000000000e-01 6.250000000000000000e-01
6.111111111111111605e-01 6.470588235294117974e-01 6.470588235294117974e-01 6.250000000000000000e-01 6.250000000000000000e-01
6.111111111111111605e-01 6.470588235294117974e-01 6.470588235294117974e-01 6.250000000000000000e-01 6.250000000000000000e-01
6.111111111111111605e-01 6.470588235294117974e-01 6.470588235294117974e-01 6.250000000000000000e-01 6.250000000000000000e-01
6.111111111111111605e-01 6.470588235294117974e-01 6.470588235294117974e-01 6.250000000000000000e-01 6.250000000000000000e-01
6.111111111111111605e-01 6.470588235294117974e-01 6.470588235294117974e-01 6.250000000000000000e-01 6.250000000000000000e-01
6.111111111111111605e-01 6.470588235294117974e-01 6.470588235294117974e-01 6.250000000000000000e-01 6.250000000000000000e-01
6.111111111111111605e-01 6.470588235294117974e-01 6.470588235294117974e-01 6.250000000000000000e-01 6.250000000000000000e-01
6.111111111111111605e-01 6.470588235294117974e-01 6.470588235294117974e-01 6.250000000000000000e-01 6.250000000000000000e-01
6.111111111111111605e-01 6.470588235294117974e-01 6.470588235294117974e-01 6.250000000000000000e-01 6.250000000000000000e-01
6.111111111111111605e-01 6.470588235294117974e-01 6.470588235294117974e-01 6.250000000000000000e-01 6.250000000000000000e-01
6.111111111111111605e-01 6.470588235294117974e-01 6.470588235294117974e-01 6.250000000000000000e-01 6.250000000000000000e-01
6.111111111111111605e-01 6.470588235294117974e-01 6.470588235294117974e-01 6.250000000000000000e-01 6.250000000000000000e-01
6.111111111111111605e-01 6.470588235294117974e-01 6.470588235294117974e-01 6.250000000000000000e-01 6.250000000000000000e-01
6.111111111111111605e-01 6.470588235294117974e-01 6.470588235294117974e-01 6.250000000000000000e-01 6.250000000000000000e-01
6.111111111111111605e-01 6.470588235294117974e-01 6.470588235294117974e-01 6.250000000000000000e-01 6.250000000000000000e-01
6.111111111111111605e-01 6.470588235294117974e-01 6.470588235294117974e-01 6.250000000000000000e-01 6.250000000000000000e-01
6.111111111111111605e-01 6.470588235294117974e-01 6.470588235294117974e-01 6.250000000000000000e-01 6.250000000000000000e-01
6.111111111111111605e-01 6.470588235294117974e-01 6.470588235294117974e-01 6.250000000000000000e-01 6.250000000000000000e-01
6.111111111111111605e-01 6.470588235294117974e-01 6.470588235294117974e-01 6.250000000000000000e-01 6.250000000000000000e-01
6.111111111111111605e-01 6.470588235294117974e-01 6.470588235294117974e-01 6.250000000000000000e-01 6.250000000000000000e-01
3.888888888888888951e-01 3.529411764705882582e-01 3.529411764705882582e-01 3.750000000000000000e-01 3.750000000000000000e-01
3.888888888888888951e-01 6.470588235294117974e-01 6.470588235294117974e-01 3.750000000000000000e-01 3.750000000000000000e-01
6.111111111111111605e-01 3.529411764705882582e-01 3.529411764705882582e-01 3.750000000000000000e-01 3.750000000000000000e-01
3.888888888888888951e-01 6.470588235294117974e-01 6.470588235294117974e-01 3.750000000000000000e-01 3.750000000000000000e-01
6.111111111111111605e-01 3.529411764705882582e-01 3.529411764705882582e-01 3.750000000000000000e-01 3.750000000000000000e-01
6.111111111111111605e-01 3.529411764705882582e-01 3.529411764705882582e-01 3.750000000000000000e-01 3.750000000000000000e-01
6.111111111111111605e-01 3.529411764705882582e-01 3.529411764705882582e-01 3.750000000000000000e-01 3.750000000000000000e-01
6.111111111111111605e-01 6.470588235294117974e-01 6.470588235294117974e-01 3.750000000000000000e-01 3.750000000000000000e-01
6.111111111111111605e-01 3.529411764705882582e-01 3.529411764705882582e-01 3.750000000000000000e-01 3.750000000000000000e-01
3.888888888888888951e-01 3.529411764705882582e-01 3.529411764705882582e-01 3.750000000000000000e-01 3.750000000000000000e-01
3.888888888888888951e-01 6.470588235294117974e-01 6.470588235294117974e-01 3.750000000000000000e-01 3.750000000000000000e-01
6.111111111111111605e-01 6.470588235294117974e-01 6.470588235294117974e-01 3.750000000000000000e-01 3.750000000000000000e-01
3.888888888888888951e-01 6.470588235294117974e-01 6.470588235294117974e-01 3.750000000000000000e-01 3.750000000000000000e-01
3.888888888888888951e-01 3.529411764705882582e-01 3.529411764705882582e-01 3.750000000000000000e-01 3.750000000000000000e-01
3.888888888888888951e-01 3.529411764705882582e-01 3.529411764705882582e-01 3.750000000000000000e-01 3.750000000000000000e-01
6.111111111111111605e-01 3.529411764705882582e-01 3.529411764705882582e-01 3.750000000000000000e-01 3.750000000000000000e-01
6.111111111111111605e-01 6.470588235294117974e-01 6.470588235294117974e-01 3.750000000000000000e-01 3.750000000000000000e-01
6.111111111111111605e-01 6.470588235294117974e-01 6.470588235294117974e-01 3.750000000000000000e-01 3.750000000000000000e-01
6.111111111111111605e-01 6.470588235294117974e-01 6.470588235294117974e-01 3.750000000000000000e-01 3.750000000000000000e-01
3.888888888888888951e-01 6.470588235294117974e-01 6.470588235294117974e-01 3.750000000000000000e-01 3.750000000000000000e-01
6.111111111111111605e-01 6.470588235294117974e-01 6.470588235294117974e-01 6.250000000000000000e-01 6.250000000000000000e-01
6.111111111111111605e-01 6.470588235294117974e-01 6.470588235294117974e-01 6.250000000000000000e-01 6.250000000000000000e-01
6.111111111111111605e-01 6.470588235294117974e-01 6.470588235294117974e-01 6.250000000000000000e-01 6.250000000000000000e-01
6.111111111111111605e-01 6.470588235294117974e-01 6.470588235294117974e-01 6.250000000000000000e-01 6.250000000000000000e-01
6.111111111111111605e-01 6.470588235294117974e-01 6.470588235294117974e-01 6.250000000000000000e-01 6.250000000000000000e-01
6.111111111111111605e-01 6.470588235294117974e-01 6.470588235294117974e-01 6.250000000000000000e-01 6.250000000000000000e-01
6.111111111111111605e-01 6.470588235294117974e-01 6.470588235294117974e-01 6.250000000000000000e-01 6.250000000000000000e-01
6.111111111111111605e-01 6.470588235294117974e-01 6.470588235294117974e-01 6.250000000000000000e-01 6.250000000000000000e-01
6.111111111111111605e-01 6.470588235294117974e-01 6.470588235294117974e-01 6.250000000000000000e-01 6.250000000000000000e-01
6.111111111111111605e-01 6.470588235294117974e-01 6.470588235294117974e-01 6.250000000000000000e-01 6.250000000000000000e-01
6.111111111111111605e-01 6.470588235294117974e-01 6.470588235294117974e-01 6.250000000000000000e-01 6.250000000000000000e-01
6.111111111111111605e-01 6.470588235294117974e-01 6.470588235294117974e-01 6.250000000000000000e-01 6.250000000000000000e-01
6.111111111111111605e-01 6.470588235294117974e-01 6.470588235294117974e-01 6.250000000000000000e-01 6.250000000000000000e-01
6.111111111111111605e-01 6.470588235294117974e-01 6.470588235294117974e-01 6.250000000000000000e-01 6.250000000000000000e-01
6.111111111111111605e-01 6.470588235294117974e-01 6.470588235294117974e-01 6.250000000000000000e-01 6.250000000000000000e-01
6.111111111111111605e-01 6.470588235294117974e-01 6.470588235294117974e-01 6.250000000000000000e-01 6.250000000000000000e-01
6.111111111111111605e-01 6.470588235294117974e-01 6.470588235294117974e-01 6.250000000000000000e-01 6.250000000000000000e-01
6.111111111111111605e-01 6.470588235294117974e-01 6.470588235294117974e-01 6.250000000000000000e-01 6.250000000000000000e-01
6.111111111111111605e-01 6.470588235294117974e-01 6.470588235294117974e-01 6.250000000000000000e-01 6.250000000000000000e-01
6.111111111111111605e-01 6.470588235294117974e-01 6.470588235294117974e-01 6.250000000000000000e-01 6.250000000000000000e-01
6.111111111111111605e-01 6.470588235294117974e-01 6.470588235294117974e-01 6.250000000000000000e-01 6.250000000000000000e-01
